     1        0   129600   0.000
     2    20038   129600   0.020
     3    40075   129600   0.040
     4    60112   129600   0.060
     5    80149   129600   0.080
     6   100186   129600   0.100
     7   120223   129600   0.120
     8   140260   130601   0.140
     9   160297   130601   0.160
    10   180334   130601   0.180
    11   200371   130601   0.200
    12   220408   130601   0.220
    13   240445   130601   0.240
    14   260482   132409   0.260
    15   280519   132409   0.280
    16   300556   132409   0.300
    17   320593   132409   0.320
    18   340630   132409   0.340
    19   360667   132409   0.360
    20   380704   134970   0.380
    21   400741   134970   0.400
    22   420778   134970   0.420
    23   440815   134970   0.440
    24   460852   134970   0.460
    25   480889   134970   0.480
    26   500926   137328   0.500
    27   520963   137328   0.520
    28   541000   137328   0.540
    29   561037   137328   0.560
    30   581074   137328   0.580
    31   601111   137328   0.600
    32   621148   137328   0.620
    33   641185   139734   0.640
    34   661222   139734   0.660
    35   681259   139734   0.680
    36   701296   139734   0.700
    37   721333   139734   0.720
    38   741370   139734   0.740
    39   761407   141747   0.760
    40   781444   141747   0.780
    41   801481   141747   0.800
    42   821518   141747   0.820
    43   841555   141747   0.840
    44   861592   141747   0.860
    45   881629   144845   0.880
    46   901666   144845   0.900
    47   921703   144845   0.920
    48   941740   144845   0.940
    49   961777   144845   0.960
    50   981814   144845   0.980
    51  1001851   147571   1.000
    52  1021888   147571   1.020
    53  1041925   147571   1.040
    54  1061962   147571   1.060
    55  1081999   147571   1.080
    56  1102036   147571   1.100
    57  1122073   147571   1.120
    58  1142110   150468   1.140
    59  1162147   150468   1.160
    60  1182184   150468   1.180
    61  1202221   150468   1.200
    62  1222258   150468   1.220
    63  1242295   150468   1.240
    64  1262332   153351   1.260
    65  1282369   153351   1.280
