      1000   0.001 -0.785E+11 -0.813E+11
      2000   0.002 -0.112E+12 -0.108E+12
      3000   0.003 -0.155E+12 -0.155E+12
      4000   0.004 -0.192E+12 -0.202E+12
      5000   0.005 -0.233E+12 -0.244E+12
      6000   0.006 -0.271E+12 -0.282E+12
      7000   0.007 -0.308E+12 -0.317E+12
      8000   0.008 -0.338E+12 -0.344E+12
      9000   0.009 -0.369E+12 -0.366E+12
     10000   0.010 -0.392E+12 -0.389E+12
     11000   0.011 -0.407E+12 -0.412E+12
     12000   0.012 -0.423E+12 -0.426E+12
     13000   0.013 -0.435E+12 -0.433E+12
     14000   0.014 -0.443E+12 -0.443E+12
     15000   0.015 -0.448E+12 -0.449E+12
     16000   0.016 -0.451E+12 -0.454E+12
     17000   0.017 -0.453E+12 -0.456E+12
     18000   0.018 -0.455E+12 -0.456E+12
     19000   0.019 -0.459E+12 -0.458E+12
     20000   0.020 -0.461E+12 -0.459E+12
     21000   0.021 -0.464E+12 -0.461E+12
     22000   0.022 -0.464E+12 -0.462E+12
     23000   0.023 -0.466E+12 -0.462E+12
     24000   0.024 -0.466E+12 -0.463E+12
     25000   0.025 -0.468E+12 -0.466E+12
     26000   0.026 -0.469E+12 -0.465E+12
     27000   0.027 -0.469E+12 -0.466E+12
     28000   0.028 -0.470E+12 -0.466E+12
     29000   0.029 -0.471E+12 -0.465E+12
     30000   0.030 -0.473E+12 -0.467E+12
     31000   0.031 -0.471E+12 -0.467E+12
     32000   0.032 -0.471E+12 -0.467E+12
     33000   0.033 -0.471E+12 -0.468E+12
     34000   0.034 -0.471E+12 -0.468E+12
     35000   0.035 -0.471E+12 -0.471E+12
     36000   0.036 -0.470E+12 -0.470E+12
     37000   0.037 -0.471E+12 -0.471E+12
     38000   0.038 -0.469E+12 -0.472E+12
     39000   0.039 -0.471E+12 -0.473E+12
     40000   0.040 -0.473E+12 -0.474E+12
     41000   0.041 -0.474E+12 -0.477E+12
     42000   0.042 -0.476E+12 -0.476E+12
     43000   0.043 -0.474E+12 -0.478E+12
     44000   0.044 -0.477E+12 -0.478E+12
     45000   0.045 -0.478E+12 -0.478E+12
     46000   0.046 -0.481E+12 -0.478E+12
     47000   0.047 -0.482E+12 -0.479E+12
     48000   0.048 -0.482E+12 -0.480E+12
     49000   0.049 -0.484E+12 -0.481E+12
     50000   0.050 -0.485E+12 -0.482E+12
     51000   0.051 -0.485E+12 -0.483E+12
     52000   0.052 -0.489E+12 -0.485E+12
     53000   0.053 -0.488E+12 -0.483E+12
     54000   0.054 -0.488E+12 -0.483E+12
     55000   0.055 -0.488E+12 -0.484E+12
     56000   0.056 -0.488E+12 -0.484E+12
     57000   0.057 -0.490E+12 -0.484E+12
     58000   0.058 -0.487E+12 -0.485E+12
     59000   0.059 -0.486E+12 -0.486E+12
     60000   0.060 -0.484E+12 -0.485E+12
     61000   0.061 -0.484E+12 -0.487E+12
     62000   0.062 -0.484E+12 -0.487E+12
     63000   0.063 -0.486E+12 -0.487E+12
     64000   0.064 -0.487E+12 -0.490E+12
     65000   0.065 -0.488E+12 -0.491E+12
     66000   0.066 -0.489E+12 -0.490E+12
     67000   0.067 -0.489E+12 -0.494E+12
     68000   0.068 -0.489E+12 -0.497E+12
     69000   0.069 -0.490E+12 -0.496E+12
     70000   0.070 -0.491E+12 -0.500E+12
     71000   0.071 -0.492E+12 -0.502E+12
     72000   0.072 -0.493E+12 -0.504E+12
     73000   0.073 -0.496E+12 -0.507E+12
     74000   0.074 -0.498E+12 -0.506E+12
     75000   0.075 -0.497E+12 -0.506E+12
     76000   0.076 -0.496E+12 -0.508E+12
     77000   0.077 -0.498E+12 -0.508E+12
     78000   0.078 -0.498E+12 -0.510E+12
     79000   0.079 -0.499E+12 -0.511E+12
     80000   0.080 -0.499E+12 -0.508E+12
     81000   0.081 -0.500E+12 -0.511E+12
     82000   0.082 -0.503E+12 -0.511E+12
     83000   0.083 -0.504E+12 -0.513E+12
     84000   0.084 -0.508E+12 -0.514E+12
     85000   0.085 -0.507E+12 -0.513E+12
     86000   0.086 -0.509E+12 -0.511E+12
     87000   0.087 -0.508E+12 -0.513E+12
     88000   0.088 -0.508E+12 -0.511E+12
     89000   0.089 -0.513E+12 -0.514E+12
     90000   0.090 -0.510E+12 -0.513E+12
     91000   0.091 -0.509E+12 -0.513E+12
     92000   0.092 -0.509E+12 -0.514E+12
     93000   0.093 -0.508E+12 -0.515E+12
     94000   0.094 -0.508E+12 -0.513E+12
     95000   0.095 -0.508E+12 -0.512E+12
     96000   0.096 -0.509E+12 -0.512E+12
     97000   0.097 -0.511E+12 -0.511E+12
     98000   0.098 -0.516E+12 -0.508E+12
     99000   0.099 -0.518E+12 -0.507E+12
    100000   0.100 -0.517E+12 -0.506E+12
    101000   0.101 -0.517E+12 -0.511E+12
    102000   0.102 -0.518E+12 -0.511E+12
    103000   0.103 -0.518E+12 -0.514E+12
    104000   0.104 -0.520E+12 -0.515E+12
    105000   0.105 -0.522E+12 -0.516E+12
    106000   0.106 -0.519E+12 -0.514E+12
    107000   0.107 -0.520E+12 -0.515E+12
    108000   0.108 -0.522E+12 -0.517E+12
    109000   0.109 -0.524E+12 -0.516E+12
    110000   0.110 -0.521E+12 -0.517E+12
    111000   0.111 -0.523E+12 -0.519E+12
    112000   0.112 -0.526E+12 -0.520E+12
    113000   0.113 -0.526E+12 -0.523E+12
    114000   0.114 -0.529E+12 -0.528E+12
    115000   0.115 -0.528E+12 -0.529E+12
    116000   0.116 -0.527E+12 -0.530E+12
    117000   0.117 -0.530E+12 -0.530E+12
    118000   0.118 -0.531E+12 -0.532E+12
    119000   0.119 -0.531E+12 -0.530E+12
    120000   0.120 -0.530E+12 -0.531E+12
    121000   0.121 -0.530E+12 -0.531E+12
    122000   0.122 -0.531E+12 -0.530E+12
    123000   0.123 -0.536E+12 -0.529E+12
    124000   0.124 -0.534E+12 -0.529E+12
    125000   0.125 -0.533E+12 -0.532E+12
    126000   0.126 -0.520E+12 -0.540E+12
    127000   0.127 -0.517E+12 -0.545E+12
    128000   0.128 -0.516E+12 -0.549E+12
    129000   0.129 -0.517E+12 -0.546E+12
    130000   0.130 -0.517E+12 -0.548E+12
    131000   0.131 -0.516E+12 -0.546E+12
    132000   0.132 -0.518E+12 -0.550E+12
    133000   0.133 -0.522E+12 -0.549E+12
    134000   0.134 -0.527E+12 -0.541E+12
    135000   0.135 -0.532E+12 -0.542E+12
    136000   0.136 -0.534E+12 -0.540E+12
    137000   0.137 -0.539E+12 -0.540E+12
    138000   0.138 -0.542E+12 -0.541E+12
    139000   0.139 -0.550E+12 -0.540E+12
    140000   0.140 -0.546E+12 -0.540E+12
    141000   0.141 -0.542E+12 -0.539E+12
    142000   0.142 -0.541E+12 -0.539E+12
    143000   0.143 -0.535E+12 -0.538E+12
    144000   0.144 -0.536E+12 -0.537E+12
    145000   0.145 -0.534E+12 -0.539E+12
    146000   0.146 -0.540E+12 -0.539E+12
    147000   0.147 -0.543E+12 -0.537E+12
    148000   0.148 -0.545E+12 -0.538E+12
    149000   0.149 -0.547E+12 -0.540E+12
    150000   0.150 -0.546E+12 -0.537E+12
    151000   0.151 -0.546E+12 -0.537E+12
    152000   0.152 -0.548E+12 -0.540E+12
    153000   0.153 -0.548E+12 -0.543E+12
    154000   0.154 -0.549E+12 -0.541E+12
    155000   0.155 -0.548E+12 -0.538E+12
    156000   0.156 -0.549E+12 -0.541E+12
    157000   0.157 -0.546E+12 -0.544E+12
    158000   0.158 -0.541E+12 -0.550E+12
    159000   0.159 -0.542E+12 -0.555E+12
    160000   0.160 -0.540E+12 -0.556E+12
    161000   0.161 -0.541E+12 -0.556E+12
    162000   0.162 -0.544E+12 -0.553E+12
    163000   0.163 -0.550E+12 -0.559E+12
    164000   0.164 -0.557E+12 -0.551E+12
    165000   0.165 -0.557E+12 -0.548E+12
    166000   0.166 -0.559E+12 -0.548E+12
    167000   0.167 -0.557E+12 -0.551E+12
    168000   0.168 -0.548E+12 -0.566E+12
    169000   0.169 -0.545E+12 -0.577E+12
    170000   0.170 -0.543E+12 -0.585E+12
    171000   0.171 -0.541E+12 -0.581E+12
    172000   0.172 -0.541E+12 -0.584E+12
    173000   0.173 -0.543E+12 -0.583E+12
    174000   0.174 -0.547E+12 -0.570E+12
    175000   0.175 -0.563E+12 -0.569E+12
    176000   0.176 -0.556E+12 -0.566E+12
    177000   0.177 -0.555E+12 -0.568E+12
    178000   0.178 -0.561E+12 -0.571E+12
    179000   0.179 -0.561E+12 -0.576E+12
    180000   0.180 -0.565E+12 -0.582E+12
    181000   0.181 -0.557E+12 -0.587E+12
    182000   0.182 -0.553E+12 -0.594E+12
    183000   0.183 -0.558E+12 -0.591E+12
    184000   0.184 -0.569E+12 -0.588E+12
    185000   0.185 -0.570E+12 -0.582E+12
    186000   0.186 -0.579E+12 -0.581E+12
    187000   0.187 -0.573E+12 -0.581E+12
    188000   0.188 -0.569E+12 -0.578E+12
    189000   0.189 -0.572E+12 -0.582E+12
    190000   0.190 -0.575E+12 -0.600E+12
    191000   0.191 -0.574E+12 -0.624E+12
    192000   0.192 -0.573E+12 -0.627E+12
    193000   0.193 -0.562E+12 -0.614E+12
    194000   0.194 -0.556E+12 -0.605E+12
    195000   0.195 -0.557E+12 -0.617E+12
    196000   0.196 -0.561E+12 -0.629E+12
    197000   0.197 -0.554E+12 -0.616E+12
    198000   0.198 -0.550E+12 -0.602E+12
    199000   0.199 -0.553E+12 -0.599E+12
    200000   0.200 -0.554E+12 -0.604E+12
    201000   0.201 -0.553E+12 -0.586E+12
    202000   0.202 -0.548E+12 -0.582E+12
    203000   0.203 -0.547E+12 -0.593E+12
    204000   0.204 -0.554E+12 -0.590E+12
    205000   0.205 -0.555E+12 -0.596E+12
    206000   0.206 -0.548E+12 -0.594E+12
    207000   0.207 -0.557E+12 -0.602E+12
    208000   0.208 -0.562E+12 -0.601E+12
    209000   0.209 -0.563E+12 -0.598E+12
    210000   0.210 -0.556E+12 -0.586E+12
    211000   0.211 -0.551E+12 -0.588E+12
    212000   0.212 -0.558E+12 -0.612E+12
    213000   0.213 -0.561E+12 -0.604E+12
    214000   0.214 -0.555E+12 -0.600E+12
    215000   0.215 -0.554E+12 -0.602E+12
    216000   0.216 -0.560E+12 -0.595E+12
    217000   0.217 -0.569E+12 -0.613E+12
    218000   0.218 -0.567E+12 -0.627E+12
    219000   0.219 -0.568E+12 -0.634E+12
    220000   0.220 -0.572E+12 -0.621E+12
    221000   0.221 -0.578E+12 -0.591E+12
    222000   0.222 -0.584E+12 -0.610E+12
    223000   0.223 -0.596E+12 -0.607E+12
    224000   0.224 -0.601E+12 -0.583E+12
    225000   0.225 -0.588E+12 -0.607E+12
    226000   0.226 -0.580E+12 -0.627E+12
    227000   0.227 -0.576E+12 -0.619E+12
    228000   0.228 -0.579E+12 -0.611E+12
    229000   0.229 -0.585E+12 -0.607E+12
    230000   0.230 -0.587E+12 -0.604E+12
    231000   0.231 -0.583E+12 -0.622E+12
    232000   0.232 -0.578E+12 -0.630E+12
    233000   0.233 -0.574E+12 -0.607E+12
    234000   0.234 -0.567E+12 -0.582E+12
    235000   0.235 -0.569E+12 -0.617E+12
    236000   0.236 -0.569E+12 -0.633E+12
    237000   0.237 -0.561E+12 -0.643E+12
    238000   0.238 -0.559E+12 -0.641E+12
    239000   0.239 -0.560E+12 -0.635E+12
    240000   0.240 -0.568E+12 -0.635E+12
    241000   0.241 -0.568E+12 -0.633E+12
    242000   0.242 -0.569E+12 -0.647E+12
    243000   0.243 -0.575E+12 -0.644E+12
    244000   0.244 -0.572E+12 -0.646E+12
    245000   0.245 -0.575E+12 -0.642E+12
    246000   0.246 -0.581E+12 -0.629E+12
    247000   0.247 -0.588E+12 -0.626E+12
    248000   0.248 -0.599E+12 -0.598E+12
    249000   0.249 -0.597E+12 -0.609E+12
    250000   0.250 -0.597E+12 -0.590E+12
    251000   0.251 -0.571E+12 -0.610E+12
    252000   0.252 -0.570E+12 -0.595E+12
    253000   0.253 -0.576E+12 -0.607E+12
    254000   0.254 -0.574E+12 -0.617E+12
    255000   0.255 -0.574E+12 -0.620E+12
    256000   0.256 -0.573E+12 -0.613E+12
    257000   0.257 -0.572E+12 -0.634E+12
    258000   0.258 -0.573E+12 -0.635E+12
    259000   0.259 -0.569E+12 -0.627E+12
    260000   0.260 -0.568E+12 -0.628E+12
    261000   0.261 -0.564E+12 -0.628E+12
    262000   0.262 -0.564E+12 -0.618E+12
    263000   0.263 -0.564E+12 -0.613E+12
    264000   0.264 -0.561E+12 -0.598E+12
    265000   0.265 -0.561E+12 -0.603E+12
    266000   0.266 -0.561E+12 -0.605E+12
    267000   0.267 -0.561E+12 -0.614E+12
    268000   0.268 -0.561E+12 -0.611E+12
    269000   0.269 -0.562E+12 -0.606E+12
    270000   0.270 -0.563E+12 -0.610E+12
    271000   0.271 -0.560E+12 -0.584E+12
    272000   0.271 -0.560E+12 -0.593E+12
    273000   0.272 -0.555E+12 -0.571E+12
    274000   0.273 -0.558E+12 -0.585E+12
    275000   0.274 -0.559E+12 -0.556E+12
    276000   0.275 -0.563E+12 -0.571E+12
    277000   0.276 -0.560E+12 -0.540E+12
    278000   0.277 -0.556E+12 -0.554E+12
    279000   0.278 -0.560E+12 -0.534E+12
    280000   0.279 -0.559E+12 -0.549E+12
    281000   0.280 -0.562E+12 -0.532E+12
    282000   0.281 -0.571E+12 -0.534E+12
    283000   0.282 -0.586E+12 -0.531E+12
    284000   0.283 -0.586E+12 -0.527E+12
    285000   0.284 -0.589E+12 -0.530E+12
    286000   0.285 -0.593E+12 -0.519E+12
    287000   0.286 -0.601E+12 -0.494E+12
    288000   0.287 -0.607E+12 -0.482E+12
    289000   0.288 -0.614E+12 -0.474E+12
    290000   0.289 -0.618E+12 -0.482E+12
    291000   0.290 -0.631E+12 -0.486E+12
    292000   0.291 -0.629E+12 -0.485E+12
    293000   0.292 -0.624E+12 -0.477E+12
    294000   0.293 -0.622E+12 -0.471E+12
    295000   0.294 -0.616E+12 -0.477E+12
    296000   0.295 -0.600E+12 -0.482E+12
    297000   0.296 -0.592E+12 -0.483E+12
    298000   0.297 -0.591E+12 -0.478E+12
    299000   0.298 -0.589E+12 -0.473E+12
    300000   0.299 -0.591E+12 -0.472E+12
    301000   0.300 -0.588E+12 -0.489E+12
    302000   0.301 -0.588E+12 -0.496E+12
    303000   0.302 -0.584E+12 -0.506E+12
    304000   0.303 -0.583E+12 -0.492E+12
    305000   0.304 -0.582E+12 -0.500E+12
    306000   0.305 -0.583E+12 -0.495E+12
    307000   0.306 -0.583E+12 -0.494E+12
    308000   0.307 -0.584E+12 -0.487E+12
    309000   0.308 -0.590E+12 -0.485E+12
    310000   0.309 -0.592E+12 -0.480E+12
    311000   0.310 -0.583E+12 -0.483E+12
    312000   0.311 -0.575E+12 -0.486E+12
    313000   0.312 -0.576E+12 -0.484E+12
    314000   0.313 -0.579E+12 -0.488E+12
    315000   0.314 -0.577E+12 -0.484E+12
    316000   0.315 -0.573E+12 -0.487E+12
    317000   0.316 -0.571E+12 -0.470E+12
    318000   0.317 -0.571E+12 -0.482E+12
    319000   0.318 -0.578E+12 -0.484E+12
    320000   0.319 -0.577E+12 -0.508E+12
    321000   0.320 -0.569E+12 -0.497E+12
    322000   0.321 -0.567E+12 -0.500E+12
    323000   0.322 -0.568E+12 -0.497E+12
    324000   0.323 -0.571E+12 -0.499E+12
    325000   0.324 -0.576E+12 -0.494E+12
    326000   0.325 -0.575E+12 -0.492E+12
    327000   0.326 -0.573E+12 -0.490E+12
    328000   0.327 -0.573E+12 -0.489E+12
    329000   0.328 -0.573E+12 -0.489E+12
    330000   0.329 -0.572E+12 -0.480E+12
    331000   0.330 -0.570E+12 -0.471E+12
    332000   0.331 -0.570E+12 -0.469E+12
    333000   0.332 -0.571E+12 -0.472E+12
    334000   0.333 -0.572E+12 -0.484E+12
    335000   0.334 -0.575E+12 -0.488E+12
    336000   0.335 -0.575E+12 -0.482E+12
    337000   0.336 -0.572E+12 -0.474E+12
    338000   0.337 -0.571E+12 -0.468E+12
    339000   0.338 -0.572E+12 -0.472E+12
    340000   0.339 -0.574E+12 -0.478E+12
    341000   0.340 -0.574E+12 -0.477E+12
    342000   0.341 -0.574E+12 -0.473E+12
    343000   0.342 -0.586E+12 -0.469E+12
    344000   0.343 -0.601E+12 -0.473E+12
    345000   0.344 -0.606E+12 -0.474E+12
    346000   0.345 -0.604E+12 -0.473E+12
    347000   0.346 -0.591E+12 -0.474E+12
    348000   0.347 -0.580E+12 -0.478E+12
    349000   0.348 -0.580E+12 -0.477E+12
    350000   0.349 -0.586E+12 -0.481E+12
    351000   0.350 -0.588E+12 -0.482E+12
    352000   0.351 -0.586E+12 -0.489E+12
    353000   0.352 -0.581E+12 -0.496E+12
    354000   0.353 -0.579E+12 -0.496E+12
    355000   0.354 -0.577E+12 -0.501E+12
    356000   0.355 -0.576E+12 -0.501E+12
    357000   0.356 -0.576E+12 -0.499E+12
    358000   0.357 -0.578E+12 -0.498E+12
    359000   0.358 -0.580E+12 -0.498E+12
    360000   0.359 -0.580E+12 -0.496E+12
    361000   0.360 -0.580E+12 -0.496E+12
    362000   0.361 -0.579E+12 -0.496E+12
    363000   0.362 -0.578E+12 -0.499E+12
    364000   0.363 -0.577E+12 -0.501E+12
    365000   0.364 -0.576E+12 -0.500E+12
    366000   0.365 -0.575E+12 -0.501E+12
    367000   0.366 -0.575E+12 -0.505E+12
    368000   0.367 -0.576E+12 -0.508E+12
    369000   0.368 -0.578E+12 -0.507E+12
    370000   0.369 -0.580E+12 -0.507E+12
    371000   0.370 -0.582E+12 -0.509E+12
    372000   0.371 -0.585E+12 -0.510E+12
    373000   0.372 -0.586E+12 -0.512E+12
    374000   0.373 -0.587E+12 -0.513E+12
    375000   0.374 -0.587E+12 -0.514E+12
    376000   0.375 -0.592E+12 -0.530E+12
    377000   0.376 -0.621E+12 -0.598E+12
    378000   0.377 -0.579E+12 -0.575E+12
    379000   0.378 -0.591E+12 -0.578E+12
    380000   0.379 -0.602E+12 -0.569E+12
    381000   0.380 -0.621E+12 -0.570E+12
    382000   0.381 -0.627E+12 -0.571E+12
    383000   0.382 -0.628E+12 -0.571E+12
    384000   0.383 -0.619E+12 -0.573E+12
    385000   0.384 -0.606E+12 -0.579E+12
    386000   0.385 -0.615E+12 -0.593E+12
    387000   0.386 -0.613E+12 -0.609E+12
    388000   0.387 -0.609E+12 -0.612E+12
    389000   0.388 -0.607E+12 -0.629E+12
    390000   0.389 -0.600E+12 -0.627E+12
    391000   0.390 -0.611E+12 -0.615E+12
    392000   0.391 -0.619E+12 -0.605E+12
    393000   0.392 -0.615E+12 -0.597E+12
    394000   0.393 -0.614E+12 -0.589E+12
    395000   0.394 -0.617E+12 -0.585E+12
    396000   0.395 -0.625E+12 -0.583E+12
    397000   0.396 -0.631E+12 -0.586E+12
    398000   0.397 -0.621E+12 -0.585E+12
    399000   0.398 -0.608E+12 -0.584E+12
    400000   0.399 -0.617E+12 -0.585E+12
    401000   0.400 -0.618E+12 -0.584E+12
    402000   0.401 -0.619E+12 -0.585E+12
    403000   0.402 -0.611E+12 -0.584E+12
    404000   0.403 -0.601E+12 -0.591E+12
    405000   0.404 -0.625E+12 -0.593E+12
    406000   0.405 -0.624E+12 -0.593E+12
    407000   0.406 -0.617E+12 -0.590E+12
    408000   0.407 -0.617E+12 -0.591E+12
    409000   0.408 -0.613E+12 -0.591E+12
    410000   0.409 -0.613E+12 -0.590E+12
    411000   0.410 -0.610E+12 -0.592E+12
    412000   0.411 -0.622E+12 -0.595E+12
    413000   0.412 -0.625E+12 -0.592E+12
    414000   0.413 -0.623E+12 -0.591E+12
    415000   0.414 -0.626E+12 -0.595E+12
    416000   0.415 -0.625E+12 -0.594E+12
    417000   0.416 -0.627E+12 -0.592E+12
    418000   0.417 -0.611E+12 -0.592E+12
    419000   0.418 -0.620E+12 -0.593E+12
    420000   0.419 -0.628E+12 -0.594E+12
    421000   0.420 -0.621E+12 -0.594E+12
    422000   0.421 -0.626E+12 -0.593E+12
    423000   0.422 -0.623E+12 -0.593E+12
    424000   0.423 -0.614E+12 -0.593E+12
    425000   0.424 -0.615E+12 -0.594E+12
    426000   0.425 -0.617E+12 -0.599E+12
    427000   0.426 -0.616E+12 -0.597E+12
    428000   0.427 -0.609E+12 -0.595E+12
    429000   0.428 -0.611E+12 -0.599E+12
    430000   0.429 -0.611E+12 -0.598E+12
    431000   0.430 -0.613E+12 -0.597E+12
    432000   0.431 -0.613E+12 -0.598E+12
    433000   0.432 -0.614E+12 -0.597E+12
    434000   0.433 -0.616E+12 -0.596E+12
    435000   0.434 -0.617E+12 -0.596E+12
    436000   0.435 -0.617E+12 -0.596E+12
    437000   0.436 -0.618E+12 -0.597E+12
    438000   0.437 -0.617E+12 -0.598E+12
    439000   0.438 -0.617E+12 -0.599E+12
    440000   0.439 -0.619E+12 -0.599E+12
    441000   0.440 -0.619E+12 -0.600E+12
    442000   0.441 -0.620E+12 -0.599E+12
    443000   0.442 -0.620E+12 -0.599E+12
    444000   0.443 -0.621E+12 -0.598E+12
    445000   0.444 -0.622E+12 -0.598E+12
    446000   0.445 -0.623E+12 -0.598E+12
    447000   0.446 -0.623E+12 -0.597E+12
    448000   0.447 -0.624E+12 -0.597E+12
    449000   0.448 -0.622E+12 -0.596E+12
    450000   0.449 -0.621E+12 -0.597E+12
    451000   0.450 -0.627E+12 -0.597E+12
    452000   0.451 -0.631E+12 -0.598E+12
    453000   0.452 -0.630E+12 -0.600E+12
    454000   0.453 -0.628E+12 -0.596E+12
    455000   0.454 -0.620E+12 -0.587E+12
    456000   0.455 -0.616E+12 -0.587E+12
    457000   0.456 -0.619E+12 -0.590E+12
    458000   0.457 -0.622E+12 -0.590E+12
    459000   0.458 -0.624E+12 -0.593E+12
    460000   0.459 -0.624E+12 -0.590E+12
    461000   0.460 -0.625E+12 -0.590E+12
    462000   0.461 -0.625E+12 -0.594E+12
    463000   0.462 -0.628E+12 -0.596E+12
    464000   0.463 -0.629E+12 -0.596E+12
    465000   0.464 -0.629E+12 -0.595E+12
    466000   0.465 -0.630E+12 -0.593E+12
    467000   0.466 -0.631E+12 -0.592E+12
    468000   0.467 -0.630E+12 -0.591E+12
    469000   0.468 -0.626E+12 -0.591E+12
    470000   0.469 -0.625E+12 -0.592E+12
    471000   0.470 -0.627E+12 -0.593E+12
    472000   0.471 -0.630E+12 -0.594E+12
    473000   0.472 -0.632E+12 -0.595E+12
    474000   0.473 -0.630E+12 -0.595E+12
    475000   0.474 -0.630E+12 -0.596E+12
    476000   0.475 -0.635E+12 -0.600E+12
    477000   0.476 -0.641E+12 -0.602E+12
    478000   0.477 -0.650E+12 -0.600E+12
    479000   0.478 -0.653E+12 -0.599E+12
    480000   0.479 -0.648E+12 -0.598E+12
    481000   0.480 -0.637E+12 -0.598E+12
    482000   0.481 -0.634E+12 -0.600E+12
    483000   0.482 -0.631E+12 -0.601E+12
    484000   0.483 -0.634E+12 -0.603E+12
    485000   0.484 -0.639E+12 -0.604E+12
    486000   0.485 -0.642E+12 -0.602E+12
    487000   0.486 -0.643E+12 -0.601E+12
    488000   0.487 -0.643E+12 -0.602E+12
    489000   0.488 -0.637E+12 -0.601E+12
    490000   0.489 -0.634E+12 -0.601E+12
    491000   0.490 -0.635E+12 -0.603E+12
    492000   0.491 -0.634E+12 -0.604E+12
    493000   0.492 -0.631E+12 -0.606E+12
    494000   0.493 -0.632E+12 -0.607E+12
    495000   0.494 -0.637E+12 -0.606E+12
    496000   0.495 -0.641E+12 -0.607E+12
    497000   0.496 -0.643E+12 -0.607E+12
    498000   0.497 -0.645E+12 -0.608E+12
    499000   0.498 -0.647E+12 -0.607E+12
    500000   0.499 -0.646E+12 -0.607E+12
    501000   0.500 -0.618E+12 -0.608E+12
    502000   0.501 -0.684E+12 -0.660E+12
    503000   0.502 -0.642E+12 -0.638E+12
    504000   0.503 -0.629E+12 -0.616E+12
    505000   0.504 -0.631E+12 -0.602E+12
    506000   0.505 -0.629E+12 -0.609E+12
    507000   0.506 -0.627E+12 -0.610E+12
    508000   0.507 -0.638E+12 -0.616E+12
    509000   0.508 -0.633E+12 -0.604E+12
    510000   0.509 -0.633E+12 -0.599E+12
    511000   0.510 -0.636E+12 -0.603E+12
    512000   0.511 -0.636E+12 -0.599E+12
    513000   0.512 -0.639E+12 -0.596E+12
    514000   0.513 -0.649E+12 -0.601E+12
    515000   0.514 -0.652E+12 -0.601E+12
    516000   0.515 -0.647E+12 -0.598E+12
    517000   0.516 -0.647E+12 -0.604E+12
    518000   0.517 -0.655E+12 -0.611E+12
    519000   0.518 -0.654E+12 -0.604E+12
    520000   0.519 -0.650E+12 -0.599E+12
    521000   0.520 -0.652E+12 -0.603E+12
    522000   0.521 -0.654E+12 -0.603E+12
    523000   0.522 -0.652E+12 -0.601E+12
    524000   0.523 -0.650E+12 -0.600E+12
    525000   0.524 -0.650E+12 -0.602E+12
    526000   0.525 -0.655E+12 -0.604E+12
    527000   0.526 -0.655E+12 -0.605E+12
    528000   0.527 -0.655E+12 -0.612E+12
    529000   0.528 -0.653E+12 -0.614E+12
    530000   0.529 -0.658E+12 -0.619E+12
    531000   0.530 -0.664E+12 -0.619E+12
    532000   0.531 -0.662E+12 -0.611E+12
    533000   0.532 -0.655E+12 -0.608E+12
    534000   0.533 -0.656E+12 -0.609E+12
    535000   0.534 -0.657E+12 -0.609E+12
    536000   0.535 -0.655E+12 -0.609E+12
    537000   0.536 -0.654E+12 -0.608E+12
    538000   0.537 -0.655E+12 -0.607E+12
    539000   0.538 -0.657E+12 -0.607E+12
    540000   0.539 -0.659E+12 -0.608E+12
    541000   0.540 -0.661E+12 -0.609E+12
    542000   0.541 -0.660E+12 -0.609E+12
    543000   0.542 -0.658E+12 -0.610E+12
    544000   0.543 -0.659E+12 -0.611E+12
    545000   0.544 -0.661E+12 -0.612E+12
    546000   0.545 -0.663E+12 -0.611E+12
    547000   0.546 -0.661E+12 -0.610E+12
    548000   0.547 -0.658E+12 -0.612E+12
    549000   0.548 -0.657E+12 -0.614E+12
    550000   0.549 -0.658E+12 -0.615E+12
    551000   0.550 -0.659E+12 -0.616E+12
    552000   0.551 -0.659E+12 -0.616E+12
    553000   0.552 -0.658E+12 -0.614E+12
    554000   0.553 -0.658E+12 -0.615E+12
    555000   0.554 -0.659E+12 -0.616E+12
    556000   0.555 -0.660E+12 -0.617E+12
    557000   0.556 -0.660E+12 -0.617E+12
    558000   0.557 -0.659E+12 -0.617E+12
    559000   0.558 -0.658E+12 -0.617E+12
    560000   0.559 -0.658E+12 -0.618E+12
    561000   0.560 -0.658E+12 -0.620E+12
    562000   0.561 -0.659E+12 -0.620E+12
    563000   0.562 -0.660E+12 -0.620E+12
    564000   0.563 -0.661E+12 -0.619E+12
    565000   0.564 -0.661E+12 -0.618E+12
    566000   0.565 -0.661E+12 -0.618E+12
    567000   0.566 -0.660E+12 -0.618E+12
    568000   0.567 -0.658E+12 -0.620E+12
    569000   0.568 -0.656E+12 -0.620E+12
    570000   0.569 -0.654E+12 -0.620E+12
    571000   0.570 -0.654E+12 -0.621E+12
    572000   0.571 -0.653E+12 -0.622E+12
    573000   0.572 -0.653E+12 -0.623E+12
    574000   0.573 -0.653E+12 -0.623E+12
    575000   0.574 -0.653E+12 -0.623E+12
    576000   0.575 -0.652E+12 -0.624E+12
    577000   0.576 -0.651E+12 -0.624E+12
    578000   0.577 -0.651E+12 -0.624E+12
    579000   0.578 -0.651E+12 -0.625E+12
    580000   0.579 -0.651E+12 -0.625E+12
    581000   0.580 -0.654E+12 -0.627E+12
    582000   0.581 -0.655E+12 -0.626E+12
    583000   0.582 -0.655E+12 -0.627E+12
    584000   0.583 -0.654E+12 -0.627E+12
    585000   0.584 -0.654E+12 -0.627E+12
    586000   0.585 -0.651E+12 -0.627E+12
    587000   0.586 -0.650E+12 -0.626E+12
    588000   0.587 -0.650E+12 -0.626E+12
    589000   0.588 -0.649E+12 -0.626E+12
    590000   0.589 -0.649E+12 -0.628E+12
    591000   0.590 -0.649E+12 -0.629E+12
    592000   0.591 -0.649E+12 -0.629E+12
    593000   0.592 -0.649E+12 -0.629E+12
    594000   0.593 -0.649E+12 -0.628E+12
    595000   0.594 -0.649E+12 -0.629E+12
    596000   0.595 -0.648E+12 -0.629E+12
    597000   0.596 -0.647E+12 -0.630E+12
    598000   0.597 -0.646E+12 -0.629E+12
    599000   0.598 -0.645E+12 -0.628E+12
    600000   0.599 -0.645E+12 -0.627E+12
    601000   0.600 -0.645E+12 -0.627E+12
    602000   0.601 -0.645E+12 -0.628E+12
    603000   0.602 -0.645E+12 -0.631E+12
    604000   0.603 -0.645E+12 -0.633E+12
    605000   0.604 -0.644E+12 -0.632E+12
    606000   0.605 -0.641E+12 -0.630E+12
    607000   0.606 -0.640E+12 -0.629E+12
    608000   0.607 -0.639E+12 -0.629E+12
    609000   0.608 -0.639E+12 -0.630E+12
    610000   0.609 -0.638E+12 -0.630E+12
    611000   0.610 -0.641E+12 -0.630E+12
    612000   0.611 -0.654E+12 -0.631E+12
    613000   0.612 -0.663E+12 -0.631E+12
    614000   0.613 -0.669E+12 -0.632E+12
    615000   0.614 -0.676E+12 -0.634E+12
    616000   0.615 -0.677E+12 -0.634E+12
    617000   0.616 -0.675E+12 -0.635E+12
    618000   0.617 -0.669E+12 -0.635E+12
    619000   0.618 -0.665E+12 -0.636E+12
    620000   0.619 -0.657E+12 -0.635E+12
    621000   0.620 -0.653E+12 -0.635E+12
    622000   0.621 -0.654E+12 -0.634E+12
    623000   0.622 -0.669E+12 -0.635E+12
    624000   0.623 -0.677E+12 -0.636E+12
    625000   0.624 -0.682E+12 -0.636E+12
    626000   0.625 -0.640E+12 -0.650E+12
    627000   0.626 -0.696E+12 -0.726E+12
    628000   0.627 -0.707E+12 -0.750E+12
    629000   0.628 -0.744E+12 -0.763E+12
    630000   0.629 -0.739E+12 -0.800E+12
    631000   0.630 -0.750E+12 -0.801E+12
    632000   0.631 -0.725E+12 -0.789E+12
    633000   0.632 -0.688E+12 -0.771E+12
    634000   0.633 -0.698E+12 -0.752E+12
    635000   0.634 -0.696E+12 -0.743E+12
    636000   0.635 -0.683E+12 -0.749E+12
    637000   0.636 -0.688E+12 -0.765E+12
    638000   0.637 -0.691E+12 -0.759E+12
    639000   0.638 -0.684E+12 -0.751E+12
    640000   0.639 -0.693E+12 -0.765E+12
    641000   0.640 -0.677E+12 -0.762E+12
    642000   0.641 -0.682E+12 -0.773E+12
    643000   0.642 -0.686E+12 -0.774E+12
    644000   0.643 -0.718E+12 -0.786E+12
    645000   0.644 -0.733E+12 -0.779E+12
    646000   0.645 -0.718E+12 -0.784E+12
    647000   0.646 -0.707E+12 -0.793E+12
    648000   0.647 -0.708E+12 -0.782E+12
    649000   0.648 -0.715E+12 -0.801E+12
    650000   0.649 -0.733E+12 -0.785E+12
    651000   0.650 -0.743E+12 -0.767E+12
    652000   0.651 -0.755E+12 -0.749E+12
    653000   0.652 -0.780E+12 -0.733E+12
    654000   0.653 -0.804E+12 -0.720E+12
    655000   0.654 -0.789E+12 -0.713E+12
    656000   0.655 -0.801E+12 -0.709E+12
    657000   0.656 -0.782E+12 -0.707E+12
    658000   0.657 -0.786E+12 -0.705E+12
    659000   0.658 -0.793E+12 -0.706E+12
    660000   0.659 -0.808E+12 -0.715E+12
    661000   0.660 -0.801E+12 -0.737E+12
    662000   0.661 -0.754E+12 -0.741E+12
    663000   0.662 -0.787E+12 -0.744E+12
    664000   0.663 -0.767E+12 -0.742E+12
    665000   0.664 -0.766E+12 -0.725E+12
    666000   0.665 -0.760E+12 -0.715E+12
    667000   0.666 -0.777E+12 -0.712E+12
    668000   0.667 -0.779E+12 -0.708E+12
    669000   0.668 -0.734E+12 -0.709E+12
    670000   0.669 -0.764E+12 -0.710E+12
    671000   0.670 -0.739E+12 -0.708E+12
    672000   0.671 -0.752E+12 -0.713E+12
    673000   0.672 -0.757E+12 -0.716E+12
    674000   0.673 -0.751E+12 -0.716E+12
    675000   0.674 -0.759E+12 -0.717E+12
    676000   0.675 -0.765E+12 -0.729E+12
    677000   0.676 -0.760E+12 -0.738E+12
    678000   0.677 -0.750E+12 -0.759E+12
    679000   0.678 -0.759E+12 -0.764E+12
    680000   0.679 -0.749E+12 -0.768E+12
    681000   0.680 -0.739E+12 -0.771E+12
    682000   0.681 -0.735E+12 -0.766E+12
    683000   0.682 -0.741E+12 -0.755E+12
    684000   0.683 -0.724E+12 -0.747E+12
    685000   0.684 -0.734E+12 -0.739E+12
    686000   0.685 -0.737E+12 -0.727E+12
    687000   0.686 -0.733E+12 -0.728E+12
    688000   0.687 -0.751E+12 -0.736E+12
    689000   0.688 -0.735E+12 -0.752E+12
    690000   0.689 -0.727E+12 -0.779E+12
    691000   0.690 -0.738E+12 -0.782E+12
    692000   0.691 -0.730E+12 -0.774E+12
    693000   0.692 -0.744E+12 -0.767E+12
    694000   0.693 -0.741E+12 -0.758E+12
    695000   0.694 -0.728E+12 -0.758E+12
    696000   0.695 -0.734E+12 -0.767E+12
    697000   0.696 -0.742E+12 -0.774E+12
    698000   0.697 -0.739E+12 -0.774E+12
    699000   0.698 -0.723E+12 -0.792E+12
    700000   0.699 -0.732E+12 -0.815E+12
    701000   0.700 -0.731E+12 -0.818E+12
    702000   0.701 -0.727E+12 -0.814E+12
    703000   0.702 -0.736E+12 -0.811E+12
    704000   0.703 -0.741E+12 -0.806E+12
    705000   0.704 -0.738E+12 -0.790E+12
    706000   0.705 -0.746E+12 -0.770E+12
    707000   0.706 -0.747E+12 -0.763E+12
    708000   0.707 -0.733E+12 -0.758E+12
    709000   0.708 -0.740E+12 -0.755E+12
    710000   0.709 -0.770E+12 -0.759E+12
    711000   0.710 -0.746E+12 -0.772E+12
    712000   0.711 -0.740E+12 -0.775E+12
    713000   0.712 -0.732E+12 -0.793E+12
    714000   0.713 -0.730E+12 -0.809E+12
    715000   0.714 -0.727E+12 -0.815E+12
    716000   0.715 -0.727E+12 -0.810E+12
    717000   0.716 -0.734E+12 -0.809E+12
    718000   0.717 -0.733E+12 -0.789E+12
    719000   0.718 -0.723E+12 -0.772E+12
    720000   0.719 -0.737E+12 -0.761E+12
    721000   0.720 -0.728E+12 -0.757E+12
    722000   0.721 -0.739E+12 -0.759E+12
    723000   0.722 -0.751E+12 -0.765E+12
    724000   0.723 -0.729E+12 -0.769E+12
    725000   0.724 -0.727E+12 -0.779E+12
    726000   0.725 -0.733E+12 -0.783E+12
    727000   0.726 -0.720E+12 -0.774E+12
    728000   0.727 -0.722E+12 -0.768E+12
    729000   0.728 -0.748E+12 -0.753E+12
    730000   0.729 -0.734E+12 -0.748E+12
    731000   0.730 -0.728E+12 -0.743E+12
    732000   0.731 -0.726E+12 -0.743E+12
    733000   0.732 -0.721E+12 -0.745E+12
    734000   0.733 -0.712E+12 -0.747E+12
    735000   0.734 -0.735E+12 -0.744E+12
    736000   0.735 -0.745E+12 -0.748E+12
    737000   0.736 -0.735E+12 -0.746E+12
    738000   0.737 -0.731E+12 -0.743E+12
    739000   0.738 -0.723E+12 -0.744E+12
    740000   0.739 -0.728E+12 -0.751E+12
    741000   0.740 -0.735E+12 -0.750E+12
    742000   0.741 -0.730E+12 -0.749E+12
    743000   0.742 -0.714E+12 -0.747E+12
    744000   0.743 -0.712E+12 -0.745E+12
    745000   0.744 -0.738E+12 -0.747E+12
    746000   0.745 -0.708E+12 -0.754E+12
    747000   0.746 -0.715E+12 -0.751E+12
    748000   0.747 -0.717E+12 -0.747E+12
    749000   0.748 -0.726E+12 -0.747E+12
    750000   0.749 -0.715E+12 -0.746E+12
    751000   0.750 -0.708E+12 -0.742E+12
    752000   0.751 -0.682E+12 -0.679E+12
    753000   0.752 -0.662E+12 -0.727E+12
    754000   0.753 -0.678E+12 -0.728E+12
    755000   0.754 -0.692E+12 -0.727E+12
    756000   0.755 -0.695E+12 -0.715E+12
    757000   0.756 -0.697E+12 -0.719E+12
    758000   0.757 -0.712E+12 -0.722E+12
    759000   0.758 -0.701E+12 -0.724E+12
    760000   0.759 -0.700E+12 -0.724E+12
    761000   0.760 -0.710E+12 -0.723E+12
    762000   0.761 -0.707E+12 -0.717E+12
    763000   0.762 -0.716E+12 -0.719E+12
    764000   0.763 -0.711E+12 -0.721E+12
    765000   0.764 -0.717E+12 -0.723E+12
    766000   0.765 -0.707E+12 -0.725E+12
    767000   0.766 -0.704E+12 -0.729E+12
    768000   0.767 -0.710E+12 -0.728E+12
    769000   0.768 -0.710E+12 -0.726E+12
    770000   0.769 -0.709E+12 -0.723E+12
    771000   0.770 -0.706E+12 -0.722E+12
    772000   0.771 -0.704E+12 -0.724E+12
    773000   0.772 -0.695E+12 -0.722E+12
    774000   0.773 -0.700E+12 -0.719E+12
    775000   0.774 -0.705E+12 -0.725E+12
    776000   0.775 -0.711E+12 -0.723E+12
    777000   0.776 -0.697E+12 -0.724E+12
    778000   0.777 -0.686E+12 -0.726E+12
    779000   0.778 -0.680E+12 -0.725E+12
    780000   0.779 -0.679E+12 -0.731E+12
    781000   0.780 -0.676E+12 -0.733E+12
    782000   0.781 -0.678E+12 -0.736E+12
    783000   0.782 -0.671E+12 -0.737E+12
    784000   0.783 -0.680E+12 -0.744E+12
    785000   0.784 -0.681E+12 -0.741E+12
    786000   0.785 -0.675E+12 -0.738E+12
    787000   0.786 -0.687E+12 -0.734E+12
    788000   0.787 -0.684E+12 -0.730E+12
    789000   0.788 -0.695E+12 -0.733E+12
    790000   0.789 -0.686E+12 -0.724E+12
    791000   0.790 -0.685E+12 -0.728E+12
    792000   0.791 -0.693E+12 -0.722E+12
    793000   0.792 -0.687E+12 -0.718E+12
    794000   0.793 -0.688E+12 -0.715E+12
    795000   0.794 -0.696E+12 -0.712E+12
    796000   0.795 -0.700E+12 -0.712E+12
    797000   0.796 -0.699E+12 -0.713E+12
    798000   0.797 -0.683E+12 -0.711E+12
    799000   0.798 -0.690E+12 -0.711E+12
    800000   0.799 -0.697E+12 -0.704E+12
    801000   0.800 -0.694E+12 -0.697E+12
    802000   0.801 -0.690E+12 -0.694E+12
    803000   0.802 -0.693E+12 -0.691E+12
    804000   0.803 -0.689E+12 -0.692E+12
    805000   0.804 -0.674E+12 -0.691E+12
    806000   0.805 -0.669E+12 -0.682E+12
    807000   0.806 -0.667E+12 -0.681E+12
    808000   0.807 -0.667E+12 -0.695E+12
    809000   0.808 -0.667E+12 -0.694E+12
    810000   0.809 -0.669E+12 -0.684E+12
    811000   0.810 -0.666E+12 -0.672E+12
    812000   0.811 -0.660E+12 -0.666E+12
    813000   0.812 -0.656E+12 -0.672E+12
    814000   0.813 -0.658E+12 -0.675E+12
    815000   0.814 -0.659E+12 -0.673E+12
    816000   0.814 -0.656E+12 -0.676E+12
    817000   0.815 -0.653E+12 -0.677E+12
    818000   0.816 -0.656E+12 -0.670E+12
    819000   0.817 -0.653E+12 -0.667E+12
    820000   0.818 -0.652E+12 -0.671E+12
    821000   0.819 -0.652E+12 -0.674E+12
    822000   0.820 -0.650E+12 -0.676E+12
    823000   0.821 -0.647E+12 -0.679E+12
    824000   0.822 -0.646E+12 -0.685E+12
    825000   0.823 -0.645E+12 -0.686E+12
    826000   0.824 -0.655E+12 -0.695E+12
    827000   0.825 -0.670E+12 -0.721E+12
    828000   0.826 -0.681E+12 -0.722E+12
    829000   0.827 -0.675E+12 -0.704E+12
    830000   0.828 -0.655E+12 -0.685E+12
    831000   0.829 -0.644E+12 -0.684E+12
    832000   0.830 -0.651E+12 -0.688E+12
    833000   0.831 -0.651E+12 -0.713E+12
    834000   0.832 -0.647E+12 -0.701E+12
    835000   0.833 -0.640E+12 -0.696E+12
    836000   0.834 -0.645E+12 -0.682E+12
    837000   0.835 -0.640E+12 -0.677E+12
    838000   0.836 -0.642E+12 -0.678E+12
    839000   0.837 -0.645E+12 -0.676E+12
    840000   0.838 -0.660E+12 -0.682E+12
    841000   0.839 -0.667E+12 -0.682E+12
    842000   0.840 -0.658E+12 -0.680E+12
    843000   0.841 -0.643E+12 -0.676E+12
    844000   0.842 -0.644E+12 -0.672E+12
    845000   0.843 -0.651E+12 -0.669E+12
    846000   0.844 -0.654E+12 -0.667E+12
    847000   0.845 -0.645E+12 -0.660E+12
    848000   0.846 -0.643E+12 -0.659E+12
    849000   0.847 -0.645E+12 -0.664E+12
    850000   0.848 -0.640E+12 -0.666E+12
    851000   0.849 -0.640E+12 -0.667E+12
    852000   0.850 -0.642E+12 -0.668E+12
    853000   0.851 -0.640E+12 -0.668E+12
    854000   0.852 -0.642E+12 -0.669E+12
    855000   0.853 -0.644E+12 -0.669E+12
    856000   0.854 -0.646E+12 -0.668E+12
    857000   0.855 -0.646E+12 -0.665E+12
    858000   0.856 -0.643E+12 -0.666E+12
    859000   0.857 -0.643E+12 -0.667E+12
    860000   0.858 -0.646E+12 -0.668E+12
    861000   0.859 -0.647E+12 -0.668E+12
    862000   0.860 -0.646E+12 -0.668E+12
    863000   0.861 -0.663E+12 -0.666E+12
    864000   0.862 -0.673E+12 -0.668E+12
    865000   0.863 -0.672E+12 -0.666E+12
    866000   0.864 -0.664E+12 -0.668E+12
    867000   0.865 -0.653E+12 -0.667E+12
    868000   0.866 -0.649E+12 -0.666E+12
    869000   0.867 -0.649E+12 -0.663E+12
    870000   0.868 -0.650E+12 -0.661E+12
    871000   0.869 -0.652E+12 -0.662E+12
    872000   0.870 -0.652E+12 -0.663E+12
    873000   0.871 -0.652E+12 -0.663E+12
    874000   0.872 -0.653E+12 -0.662E+12
    875000   0.873 -0.655E+12 -0.664E+12
    876000   0.874 -0.654E+12 -0.665E+12
    877000   0.875 -0.698E+12 -0.706E+12
    878000   0.876 -0.706E+12 -0.733E+12
    879000   0.877 -0.653E+12 -0.720E+12
    880000   0.878 -0.665E+12 -0.741E+12
    881000   0.879 -0.677E+12 -0.771E+12
    882000   0.880 -0.681E+12 -0.783E+12
    883000   0.881 -0.682E+12 -0.777E+12
    884000   0.882 -0.679E+12 -0.776E+12
    885000   0.883 -0.679E+12 -0.776E+12
    886000   0.884 -0.665E+12 -0.772E+12
    887000   0.885 -0.656E+12 -0.758E+12
    888000   0.886 -0.652E+12 -0.750E+12
    889000   0.887 -0.660E+12 -0.752E+12
    890000   0.888 -0.657E+12 -0.770E+12
    891000   0.889 -0.652E+12 -0.756E+12
    892000   0.890 -0.659E+12 -0.743E+12
    893000   0.891 -0.656E+12 -0.745E+12
    894000   0.892 -0.657E+12 -0.752E+12
    895000   0.893 -0.662E+12 -0.746E+12
    896000   0.894 -0.659E+12 -0.735E+12
    897000   0.895 -0.660E+12 -0.719E+12
    898000   0.896 -0.663E+12 -0.712E+12
    899000   0.897 -0.667E+12 -0.709E+12
    900000   0.898 -0.665E+12 -0.706E+12
    901000   0.899 -0.665E+12 -0.694E+12
    902000   0.900 -0.670E+12 -0.688E+12
    903000   0.901 -0.678E+12 -0.688E+12
    904000   0.902 -0.671E+12 -0.680E+12
    905000   0.903 -0.677E+12 -0.678E+12
    906000   0.904 -0.683E+12 -0.674E+12
    907000   0.905 -0.685E+12 -0.660E+12
    908000   0.906 -0.681E+12 -0.655E+12
    909000   0.907 -0.678E+12 -0.668E+12
    910000   0.908 -0.687E+12 -0.673E+12
    911000   0.909 -0.685E+12 -0.668E+12
    912000   0.910 -0.679E+12 -0.647E+12
    913000   0.911 -0.656E+12 -0.637E+12
    914000   0.912 -0.686E+12 -0.650E+12
    915000   0.913 -0.689E+12 -0.656E+12
    916000   0.914 -0.673E+12 -0.662E+12
    917000   0.915 -0.651E+12 -0.643E+12
    918000   0.916 -0.664E+12 -0.638E+12
    919000   0.917 -0.670E+12 -0.636E+12
    920000   0.918 -0.663E+12 -0.634E+12
    921000   0.919 -0.658E+12 -0.642E+12
    922000   0.920 -0.657E+12 -0.639E+12
    923000   0.921 -0.656E+12 -0.634E+12
    924000   0.922 -0.662E+12 -0.635E+12
    925000   0.923 -0.661E+12 -0.635E+12
    926000   0.924 -0.661E+12 -0.637E+12
    927000   0.925 -0.661E+12 -0.638E+12
    928000   0.926 -0.658E+12 -0.640E+12
    929000   0.927 -0.656E+12 -0.638E+12
    930000   0.928 -0.656E+12 -0.636E+12
    931000   0.929 -0.655E+12 -0.638E+12
    932000   0.930 -0.657E+12 -0.636E+12
    933000   0.931 -0.658E+12 -0.635E+12
    934000   0.932 -0.659E+12 -0.636E+12
    935000   0.933 -0.660E+12 -0.639E+12
    936000   0.934 -0.658E+12 -0.640E+12
    937000   0.935 -0.657E+12 -0.639E+12
    938000   0.936 -0.660E+12 -0.642E+12
    939000   0.937 -0.660E+12 -0.642E+12
    940000   0.938 -0.661E+12 -0.643E+12
    941000   0.939 -0.662E+12 -0.645E+12
    942000   0.940 -0.661E+12 -0.646E+12
    943000   0.941 -0.659E+12 -0.646E+12
    944000   0.942 -0.657E+12 -0.648E+12
    945000   0.943 -0.659E+12 -0.652E+12
    946000   0.944 -0.659E+12 -0.654E+12
    947000   0.945 -0.659E+12 -0.654E+12
    948000   0.946 -0.660E+12 -0.654E+12
    949000   0.947 -0.661E+12 -0.653E+12
    950000   0.948 -0.661E+12 -0.654E+12
    951000   0.949 -0.661E+12 -0.655E+12
    952000   0.950 -0.661E+12 -0.655E+12
    953000   0.951 -0.663E+12 -0.656E+12
    954000   0.952 -0.663E+12 -0.657E+12
    955000   0.953 -0.663E+12 -0.658E+12
    956000   0.954 -0.664E+12 -0.660E+12
    957000   0.955 -0.664E+12 -0.661E+12
    958000   0.956 -0.664E+12 -0.661E+12
    959000   0.957 -0.663E+12 -0.662E+12
    960000   0.958 -0.663E+12 -0.664E+12
    961000   0.959 -0.664E+12 -0.665E+12
    962000   0.960 -0.665E+12 -0.665E+12
    963000   0.961 -0.665E+12 -0.666E+12
    964000   0.962 -0.666E+12 -0.668E+12
    965000   0.963 -0.668E+12 -0.670E+12
    966000   0.964 -0.670E+12 -0.672E+12
    967000   0.965 -0.670E+12 -0.674E+12
    968000   0.966 -0.669E+12 -0.675E+12
    969000   0.967 -0.669E+12 -0.675E+12
    970000   0.968 -0.670E+12 -0.676E+12
    971000   0.969 -0.672E+12 -0.677E+12
    972000   0.970 -0.674E+12 -0.678E+12
    973000   0.971 -0.680E+12 -0.680E+12
    974000   0.972 -0.693E+12 -0.683E+12
    975000   0.973 -0.703E+12 -0.691E+12
    976000   0.974 -0.704E+12 -0.699E+12
    977000   0.975 -0.701E+12 -0.704E+12
    978000   0.976 -0.686E+12 -0.706E+12
    979000   0.977 -0.672E+12 -0.704E+12
    980000   0.978 -0.667E+12 -0.702E+12
    981000   0.979 -0.669E+12 -0.703E+12
    982000   0.980 -0.671E+12 -0.701E+12
    983000   0.981 -0.676E+12 -0.698E+12
    984000   0.982 -0.678E+12 -0.695E+12
    985000   0.983 -0.673E+12 -0.693E+12
    986000   0.984 -0.673E+12 -0.693E+12
    987000   0.985 -0.675E+12 -0.695E+12
    988000   0.986 -0.682E+12 -0.699E+12
    989000   0.987 -0.688E+12 -0.702E+12
    990000   0.988 -0.688E+12 -0.706E+12
    991000   0.989 -0.681E+12 -0.710E+12
    992000   0.990 -0.675E+12 -0.712E+12
    993000   0.991 -0.671E+12 -0.712E+12
    994000   0.992 -0.670E+12 -0.712E+12
    995000   0.993 -0.669E+12 -0.713E+12
    996000   0.994 -0.673E+12 -0.714E+12
    997000   0.995 -0.677E+12 -0.715E+12
    998000   0.996 -0.683E+12 -0.717E+12
    999000   0.997 -0.685E+12 -0.715E+12
   1000000   0.998 -0.684E+12 -0.711E+12
   1001000   0.999 -0.680E+12 -0.709E+12
   1002000   1.000 -0.692E+12 -0.667E+12
   1003000   1.001 -0.749E+12 -0.718E+12
   1004000   1.002 -0.698E+12 -0.652E+12
   1005000   1.003 -0.692E+12 -0.648E+12
   1006000   1.004 -0.678E+12 -0.642E+12
   1007000   1.005 -0.680E+12 -0.646E+12
   1008000   1.006 -0.689E+12 -0.651E+12
   1009000   1.007 -0.680E+12 -0.648E+12
   1010000   1.008 -0.674E+12 -0.645E+12
   1011000   1.009 -0.676E+12 -0.649E+12
   1012000   1.010 -0.672E+12 -0.644E+12
   1013000   1.011 -0.666E+12 -0.651E+12
   1014000   1.012 -0.666E+12 -0.649E+12
   1015000   1.013 -0.669E+12 -0.648E+12
   1016000   1.014 -0.670E+12 -0.650E+12
   1017000   1.015 -0.663E+12 -0.649E+12
   1018000   1.016 -0.671E+12 -0.670E+12
   1019000   1.017 -0.669E+12 -0.674E+12
   1020000   1.018 -0.666E+12 -0.668E+12
   1021000   1.019 -0.673E+12 -0.664E+12
   1022000   1.020 -0.670E+12 -0.662E+12
   1023000   1.021 -0.668E+12 -0.662E+12
   1024000   1.022 -0.703E+12 -0.673E+12
   1025000   1.023 -0.696E+12 -0.672E+12
   1026000   1.024 -0.681E+12 -0.672E+12
   1027000   1.025 -0.669E+12 -0.673E+12
   1028000   1.026 -0.676E+12 -0.670E+12
   1029000   1.027 -0.675E+12 -0.675E+12
   1030000   1.028 -0.681E+12 -0.676E+12
   1031000   1.029 -0.676E+12 -0.673E+12
   1032000   1.030 -0.674E+12 -0.671E+12
   1033000   1.031 -0.676E+12 -0.673E+12
   1034000   1.032 -0.683E+12 -0.674E+12
   1035000   1.033 -0.686E+12 -0.673E+12
   1036000   1.034 -0.692E+12 -0.673E+12
   1037000   1.035 -0.688E+12 -0.673E+12
   1038000   1.036 -0.677E+12 -0.671E+12
   1039000   1.037 -0.680E+12 -0.671E+12
   1040000   1.038 -0.687E+12 -0.669E+12
   1041000   1.039 -0.688E+12 -0.667E+12
   1042000   1.040 -0.697E+12 -0.667E+12
   1043000   1.041 -0.701E+12 -0.668E+12
   1044000   1.042 -0.701E+12 -0.667E+12
   1045000   1.043 -0.699E+12 -0.668E+12
   1046000   1.044 -0.692E+12 -0.669E+12
   1047000   1.045 -0.688E+12 -0.668E+12
   1048000   1.046 -0.694E+12 -0.670E+12
   1049000   1.047 -0.697E+12 -0.672E+12
   1050000   1.048 -0.696E+12 -0.671E+12
   1051000   1.049 -0.695E+12 -0.671E+12
   1052000   1.050 -0.696E+12 -0.673E+12
   1053000   1.051 -0.699E+12 -0.680E+12
   1054000   1.052 -0.707E+12 -0.689E+12
   1055000   1.053 -0.705E+12 -0.691E+12
   1056000   1.054 -0.703E+12 -0.690E+12
   1057000   1.055 -0.697E+12 -0.688E+12
   1058000   1.056 -0.696E+12 -0.690E+12
   1059000   1.057 -0.703E+12 -0.689E+12
   1060000   1.058 -0.703E+12 -0.688E+12
   1061000   1.059 -0.702E+12 -0.686E+12
   1062000   1.060 -0.703E+12 -0.687E+12
   1063000   1.061 -0.704E+12 -0.688E+12
   1064000   1.062 -0.700E+12 -0.688E+12
   1065000   1.063 -0.698E+12 -0.689E+12
   1066000   1.064 -0.700E+12 -0.689E+12
   1067000   1.065 -0.699E+12 -0.690E+12
   1068000   1.066 -0.699E+12 -0.690E+12
   1069000   1.067 -0.699E+12 -0.690E+12
   1070000   1.068 -0.698E+12 -0.693E+12
   1071000   1.069 -0.698E+12 -0.698E+12
   1072000   1.070 -0.699E+12 -0.700E+12
   1073000   1.071 -0.699E+12 -0.700E+12
   1074000   1.072 -0.700E+12 -0.701E+12
   1075000   1.073 -0.702E+12 -0.704E+12
   1076000   1.074 -0.705E+12 -0.705E+12
   1077000   1.075 -0.704E+12 -0.702E+12
   1078000   1.076 -0.705E+12 -0.702E+12
   1079000   1.077 -0.707E+12 -0.707E+12
   1080000   1.078 -0.713E+12 -0.709E+12
   1081000   1.079 -0.716E+12 -0.710E+12
   1082000   1.080 -0.716E+12 -0.705E+12
   1083000   1.081 -0.709E+12 -0.706E+12
   1084000   1.082 -0.707E+12 -0.708E+12
   1085000   1.083 -0.709E+12 -0.708E+12
   1086000   1.084 -0.710E+12 -0.707E+12
   1087000   1.085 -0.708E+12 -0.706E+12
   1088000   1.086 -0.708E+12 -0.706E+12
   1089000   1.087 -0.711E+12 -0.708E+12
   1090000   1.088 -0.713E+12 -0.710E+12
   1091000   1.089 -0.712E+12 -0.710E+12
   1092000   1.090 -0.719E+12 -0.713E+12
   1093000   1.091 -0.718E+12 -0.715E+12
   1094000   1.092 -0.717E+12 -0.713E+12
   1095000   1.093 -0.713E+12 -0.714E+12
   1096000   1.094 -0.711E+12 -0.713E+12
   1097000   1.095 -0.711E+12 -0.714E+12
   1098000   1.096 -0.714E+12 -0.716E+12
   1099000   1.097 -0.713E+12 -0.717E+12
   1100000   1.098 -0.712E+12 -0.714E+12
   1101000   1.099 -0.712E+12 -0.718E+12
   1102000   1.100 -0.714E+12 -0.725E+12
   1103000   1.101 -0.713E+12 -0.728E+12
   1104000   1.102 -0.713E+12 -0.721E+12
   1105000   1.103 -0.714E+12 -0.719E+12
   1106000   1.104 -0.716E+12 -0.719E+12
   1107000   1.105 -0.715E+12 -0.717E+12
   1108000   1.106 -0.717E+12 -0.717E+12
   1109000   1.107 -0.716E+12 -0.717E+12
   1110000   1.108 -0.717E+12 -0.717E+12
   1111000   1.109 -0.718E+12 -0.718E+12
   1112000   1.110 -0.719E+12 -0.718E+12
   1113000   1.111 -0.718E+12 -0.717E+12
   1114000   1.112 -0.718E+12 -0.719E+12
   1115000   1.113 -0.718E+12 -0.720E+12
   1116000   1.114 -0.719E+12 -0.719E+12
   1117000   1.115 -0.720E+12 -0.720E+12
   1118000   1.116 -0.721E+12 -0.721E+12
   1119000   1.117 -0.724E+12 -0.722E+12
   1120000   1.118 -0.732E+12 -0.722E+12
   1121000   1.119 -0.732E+12 -0.722E+12
   1122000   1.120 -0.735E+12 -0.721E+12
   1123000   1.121 -0.735E+12 -0.722E+12
   1124000   1.122 -0.735E+12 -0.721E+12
   1125000   1.123 -0.733E+12 -0.723E+12
   1126000   1.124 -0.730E+12 -0.728E+12
   1127000   1.125 -0.730E+12 -0.705E+12
   1128000   1.126 -0.789E+12 -0.771E+12
   1129000   1.127 -0.755E+12 -0.703E+12
   1130000   1.128 -0.743E+12 -0.705E+12
   1131000   1.129 -0.728E+12 -0.691E+12
   1132000   1.130 -0.729E+12 -0.692E+12
   1133000   1.131 -0.739E+12 -0.701E+12
   1134000   1.132 -0.720E+12 -0.693E+12
   1135000   1.133 -0.714E+12 -0.692E+12
   1136000   1.134 -0.719E+12 -0.693E+12
   1137000   1.135 -0.717E+12 -0.696E+12
   1138000   1.136 -0.716E+12 -0.698E+12
   1139000   1.137 -0.713E+12 -0.698E+12
   1140000   1.138 -0.713E+12 -0.699E+12
   1141000   1.139 -0.715E+12 -0.701E+12
   1142000   1.140 -0.719E+12 -0.704E+12
   1143000   1.141 -0.714E+12 -0.705E+12
   1144000   1.142 -0.715E+12 -0.705E+12
   1145000   1.143 -0.729E+12 -0.715E+12
   1146000   1.144 -0.743E+12 -0.719E+12
   1147000   1.145 -0.742E+12 -0.719E+12
   1148000   1.146 -0.719E+12 -0.710E+12
   1149000   1.147 -0.742E+12 -0.717E+12
   1150000   1.148 -0.745E+12 -0.718E+12
   1151000   1.149 -0.725E+12 -0.723E+12
   1152000   1.150 -0.731E+12 -0.732E+12
   1153000   1.151 -0.744E+12 -0.726E+12
   1154000   1.152 -0.731E+12 -0.719E+12
   1155000   1.153 -0.732E+12 -0.717E+12
   1156000   1.154 -0.732E+12 -0.719E+12
   1157000   1.155 -0.719E+12 -0.715E+12
   1158000   1.156 -0.716E+12 -0.717E+12
   1159000   1.157 -0.717E+12 -0.714E+12
   1160000   1.158 -0.718E+12 -0.714E+12
   1161000   1.159 -0.717E+12 -0.715E+12
   1162000   1.160 -0.716E+12 -0.717E+12
   1163000   1.161 -0.717E+12 -0.718E+12
   1164000   1.162 -0.718E+12 -0.719E+12
   1165000   1.163 -0.723E+12 -0.718E+12
   1166000   1.164 -0.725E+12 -0.718E+12
   1167000   1.165 -0.744E+12 -0.726E+12
   1168000   1.166 -0.746E+12 -0.730E+12
   1169000   1.167 -0.745E+12 -0.723E+12
   1170000   1.168 -0.723E+12 -0.722E+12
   1171000   1.169 -0.719E+12 -0.724E+12
   1172000   1.170 -0.726E+12 -0.724E+12
   1173000   1.171 -0.724E+12 -0.723E+12
   1174000   1.172 -0.721E+12 -0.722E+12
   1175000   1.173 -0.719E+12 -0.722E+12
   1176000   1.174 -0.719E+12 -0.723E+12
   1177000   1.175 -0.719E+12 -0.725E+12
   1178000   1.176 -0.719E+12 -0.726E+12
   1179000   1.177 -0.720E+12 -0.734E+12
   1180000   1.178 -0.720E+12 -0.741E+12
   1181000   1.179 -0.719E+12 -0.734E+12
   1182000   1.180 -0.716E+12 -0.738E+12
   1183000   1.181 -0.717E+12 -0.744E+12
   1184000   1.182 -0.720E+12 -0.737E+12
   1185000   1.183 -0.730E+12 -0.735E+12
   1186000   1.184 -0.730E+12 -0.733E+12
   1187000   1.185 -0.727E+12 -0.731E+12
   1188000   1.186 -0.721E+12 -0.731E+12
   1189000   1.187 -0.713E+12 -0.733E+12
   1190000   1.188 -0.713E+12 -0.734E+12
   1191000   1.189 -0.716E+12 -0.733E+12
   1192000   1.190 -0.715E+12 -0.731E+12
   1193000   1.191 -0.713E+12 -0.731E+12
   1194000   1.192 -0.712E+12 -0.731E+12
   1195000   1.193 -0.710E+12 -0.733E+12
   1196000   1.194 -0.711E+12 -0.734E+12
   1197000   1.195 -0.710E+12 -0.736E+12
   1198000   1.196 -0.709E+12 -0.738E+12
   1199000   1.197 -0.708E+12 -0.739E+12
   1200000   1.198 -0.707E+12 -0.739E+12
   1201000   1.199 -0.706E+12 -0.742E+12
   1202000   1.200 -0.705E+12 -0.746E+12
   1203000   1.201 -0.706E+12 -0.748E+12
   1204000   1.202 -0.705E+12 -0.747E+12
   1205000   1.203 -0.705E+12 -0.747E+12
   1206000   1.204 -0.704E+12 -0.745E+12
   1207000   1.205 -0.704E+12 -0.743E+12
   1208000   1.206 -0.703E+12 -0.741E+12
   1209000   1.207 -0.705E+12 -0.741E+12
   1210000   1.208 -0.704E+12 -0.740E+12
   1211000   1.209 -0.703E+12 -0.740E+12
   1212000   1.210 -0.702E+12 -0.740E+12
   1213000   1.211 -0.701E+12 -0.741E+12
   1214000   1.212 -0.700E+12 -0.742E+12
   1215000   1.213 -0.699E+12 -0.742E+12
   1216000   1.214 -0.698E+12 -0.741E+12
   1217000   1.215 -0.699E+12 -0.742E+12
   1218000   1.216 -0.700E+12 -0.745E+12
   1219000   1.217 -0.698E+12 -0.746E+12
   1220000   1.218 -0.696E+12 -0.747E+12
   1221000   1.219 -0.695E+12 -0.746E+12
   1222000   1.220 -0.695E+12 -0.749E+12
   1223000   1.221 -0.694E+12 -0.755E+12
   1224000   1.222 -0.702E+12 -0.762E+12
   1225000   1.223 -0.704E+12 -0.761E+12
   1226000   1.224 -0.703E+12 -0.757E+12
   1227000   1.225 -0.702E+12 -0.757E+12
   1228000   1.226 -0.700E+12 -0.756E+12
   1229000   1.227 -0.702E+12 -0.757E+12
   1230000   1.228 -0.702E+12 -0.757E+12
   1231000   1.229 -0.701E+12 -0.757E+12
   1232000   1.230 -0.698E+12 -0.757E+12
   1233000   1.231 -0.695E+12 -0.760E+12
   1234000   1.232 -0.695E+12 -0.762E+12
   1235000   1.233 -0.693E+12 -0.763E+12
   1236000   1.234 -0.690E+12 -0.764E+12
   1237000   1.235 -0.704E+12 -0.766E+12
   1238000   1.236 -0.705E+12 -0.769E+12
   1239000   1.237 -0.701E+12 -0.773E+12
   1240000   1.238 -0.698E+12 -0.771E+12
   1241000   1.239 -0.697E+12 -0.767E+12
   1242000   1.240 -0.691E+12 -0.769E+12
   1243000   1.241 -0.683E+12 -0.772E+12
   1244000   1.242 -0.686E+12 -0.773E+12
   1245000   1.243 -0.688E+12 -0.772E+12
   1246000   1.244 -0.688E+12 -0.772E+12
   1247000   1.245 -0.687E+12 -0.775E+12
   1248000   1.246 -0.686E+12 -0.780E+12
   1249000   1.247 -0.682E+12 -0.779E+12
   1250000   1.248 -0.684E+12 -0.776E+12
   1251000   1.249 -0.684E+12 -0.777E+12
   1252000   1.250 -0.723E+12 -0.745E+12
   1253000   1.251 -0.772E+12 -0.791E+12
   1254000   1.252 -0.776E+12 -0.797E+12
   1255000   1.253 -0.773E+12 -0.804E+12
   1256000   1.254 -0.771E+12 -0.820E+12
   1257000   1.255 -0.766E+12 -0.812E+12
   1258000   1.256 -0.754E+12 -0.809E+12
   1259000   1.257 -0.746E+12 -0.814E+12
   1260000   1.258 -0.736E+12 -0.800E+12
   1261000   1.259 -0.722E+12 -0.792E+12
   1262000   1.260 -0.714E+12 -0.792E+12
   1263000   1.261 -0.715E+12 -0.812E+12
   1264000   1.262 -0.708E+12 -0.811E+12
   1265000   1.263 -0.709E+12 -0.788E+12
   1266000   1.264 -0.720E+12 -0.801E+12
   1267000   1.265 -0.738E+12 -0.821E+12
   1268000   1.266 -0.718E+12 -0.812E+12
   1269000   1.267 -0.718E+12 -0.804E+12
   1270000   1.268 -0.711E+12 -0.828E+12
   1271000   1.269 -0.699E+12 -0.844E+12
   1272000   1.270 -0.701E+12 -0.836E+12
   1273000   1.271 -0.694E+12 -0.829E+12
   1274000   1.272 -0.698E+12 -0.851E+12
   1275000   1.273 -0.704E+12 -0.867E+12
   1276000   1.274 -0.703E+12 -0.864E+12
   1277000   1.275 -0.699E+12 -0.848E+12
   1278000   1.276 -0.698E+12 -0.869E+12
   1279000   1.277 -0.699E+12 -0.890E+12
   1280000   1.278 -0.702E+12 -0.916E+12
   1281000   1.279 -0.709E+12 -0.905E+12
   1282000   1.280 -0.709E+12 -0.899E+12
   1283000   1.281 -0.703E+12 -0.896E+12
   1284000   1.282 -0.698E+12 -0.880E+12
   1285000   1.283 -0.702E+12 -0.875E+12
   1286000   1.284 -0.709E+12 -0.888E+12
   1287000   1.285 -0.710E+12 -0.889E+12
   1288000   1.286 -0.700E+12 -0.867E+12
